000005
000009
000012
000016
000017
000019
000020
000021
000024
000026
000032
000033
000034
000035
000036
000039
000041
000042
000044
000048
000050
000051
000052
000060
000073
000081
000089
000091
000095
000102
000104
000107
000110
000112
000113
000118
000120
000121
000123
000125
000129
000131
000132
000133
000134
000138
000140
000141
000142
000146
000150
000153
000154
000156
000158
000159
000161
000162
000163
000164
000165
000169
000171
000177
000180
000184
000187
000189
000190
000193
000194
000200
000203
000207
000208
000209
000211
000214
000215
000218
000219
000220
000221
000222
000225
000228
000229
000235
000236
000241
000244
000249
000250
000251
000256
000259
000262
000269
000276
000278
000282
000288
000289
000294
000296
000298
000304
000305
000306
000307
000311
000317
000321
000325
000328
000329
000331
000334
000336
000338
000340
000344
000347
000349
000352
000354
000355
000359
000363
000370
000372
000374
000379
000380
000387
000394
000395
000403
000404
000406
000407
000408
000417
000419
000424
000427
000428
000430
000431
000433
000435
000439
000443
000450
000460
000463
000464
000469
000470
000476
000477
000480
000482
000483
000484
000486
000489
000491
000492
000496
000498
000499
000509
000513
000514
000518
000519
000520
000522
000523
000524
000525
000528
000531
000535
000537
000540
000541
000544
000549
000550
000552
000554
000559
000563
000564
000565
000577
000582
000583
000589
000590
000592
000598
000599
000609
000612
000613
000619
000622
000626
000628
000632
000635
000637
000647
000648
000654
000656
000657
000660
000661
000663
000672
000675
000680
000682
000684
000685
000686
000688
000690
000694
000695
000699
000700
000702
000705
000707
000709
000710
000711
000713
000726
000728
000730
000731
000733
000738
000739
000740
000742
000746
000748
000750
000752
000753
000754
000755
000756
000760
000763
000764
000767
000768
000770
000771
000774
000793
000794
000796
000797
000799
000802
000804
000805
000808
000812
000815
000816
000822
000823
000828
000830
000832
000834
000842
000843
000847
000848
000849
000850
000851
000854
000855
000857
000859
000860
000862
000863
000865
000868
000871
000872
000874
000876
000878
000879
000880
000882
000885
000887
000888
000889
000892
000895
000896
000899
000900
000902
000903
000904
000911
000912
000915
000918
000919
000920
000921
000934
000936
000937
000946
000948
000949
000950
000951
000954
000958
000962
000971
000973
000980
000987
000991
000993
000996
001001
001002
001011
001012
001014
001015
001018
001024
001027
001028
001036
001041
001043
001052
001060
001061
001062
001064
001071
001074
001079
001083
001091
001092
001097
001102
001107
001110
001112
001113
001119
001124
001129
001130
001137
001140
001143
001144
001145
001149
001152
001154
001156
001158
001160
001166
001170
001171
001175
001182
001184
001186
001192
001194
001199
001200
001201
001203
001204
001207
001211
001212
001214
001215
001221
001226
001229
001230
001231
001234
001237
001239
001240
001254
001259
001260
001263
001269
001270
001272
001274
001279
001286
001288
001289
001290
001292
001293
001294
001299
001304
001310
001311
001312
001314
001315
001316
001323
001324
001327
001332
001333
001343
001345
001346
001348
001350
001352
001361
001362
001365
001375
001378
001386
001388
001390
001395
001400
001402
001404
001405
001406
001408
001409
001413
001414
001418
001420
001426
001430
001434
001436
001439
001442
001443
001444
001450
001451
001453
001457
001460
001463
001464
001466
001470
001472
001479
001480
001481
001484
001485
001486
001488
001490
001492
001493
001494
001497
001498
001499
001509
001510
001514
001515
001517
001521
001522
001523
001524
001526
001528
001529
001531
001532
001536
001537
001539
001541
001544
001545
001553
001555
001559
001561
001563
001571
001576
001577
001579
001580
001582
001590
001593
001594
001595
001597
001603
001604
001607
001608
001611
001612
001614
001618
001622
001628
001630
001633
001636
001640
001642
001643
001647
001650
001651
001653
001654
001661
001662
001669
001675
001676
001677
001680
001683
001684
001685
001686
001689
001690
001691
001693
001713
001714
001718
001723
001724
001729
001730
001733
001734
001738
001746
001749
001754
001755
001756
001765
001766
001768
001771
001775
001777
001778
001784
001785
001787
001789
001795
001800
001801
001806
001810
001818
001825
001827
001828
001830
001834
001836
001837
001841
001842
001843
001845
001847
001849
001855
001858
001860
001861
001862
001864
001872
001877
001878
001881
001882
001887
001894
001896
001898
001902
001903
001906
001907
001911
001915
001918
001920
001927
001928
001930
001931
001932
001933
001934
001936
001937
001938
001940
001941
001945
001948
001952
001954
001958
001960
001962
001964
001970
001971
001972
001978
001982
001989
001995
002000
002001
002002
002004
002006
002012
002015
002019
002021
002022
002023
002024
002025
002036
002039
002042
002043
002047
002056
002058
002061
002063
002064
002067
002070
002082
002083
002086
002088
002090
002091
002094
002096
002098
002099
002101
002102
002104
002108
002109
002112
002114
002120
002124
002129
002132
002134
002136
002139
002140
002142
002146
002151
002152
002153
002155
002156
002158
002163
002169
002172
002174
002176
002179
002181
002183
002184
002186
002187
002191
002194
002197
002199
002201
002208
002209
002212
002214
002215
002219
002220
002221
002224
002226
002233
002234
002237
002244
002247
002248
002249
002256
002260
002261
002265
002266
002267
002268
002272
002273
002276
002277
002278
002279
002280
002281
002284
002285
002287
002290
002293
002300
002305
002306
002307
002308
002310
002311
002315
002318
002320
002321
002323
002324
002328
002329
002330
002334
002337
002340
002342
002343
002345
002347
002350
002354
002355
002359
002364
002366
002368
002369
002371
002372
002374
002375
002376
002377
002378
002382
002384
002385
002387
002391
002393
002401
002403
002404
002405
002411
002413
002415
002417
002419
002420
002423
002425
002427
002433
002435
002436
002437
002439
002441
002442
002444
002445
002452
002454
002456
002458
002459
002461
002465
002466
002468
002470
002472
002477
002478
002479
002480
002481
002491
002493
002496
002497
002500
002501
002502
002505
002508
002513
002519
002520
002523
002524
002529
002533
002542
002545
002547
002549
002558
002559
002561
002563
002564
002565
002567
002571
002572
002578
002579
002584
002585
002586
002593
002594
002595
002599
002600
002603
002605
002606
002611
002613
002615
002618
002621
002625
002627
002632
002633
002635
002636
002637
002641
002645
002657
002659
002662
002664
002666
002667
002669
002670
002675
002677
002680
002682
002683
002684
002689
002691
002695
002696
002697
002699
002702
002710
002713
002718
002727
002734
002735
002737
002738
002745
002751
002755
002757
002759
002762
002765
002774
002776
002778
002779
002782
002783
002785
002786
002791
002794
002795
002796
002798
002800
002801
002803
002812
002816
002817
002820
002834
002838
002841
002842
002844
002847
002859
002864
002866
002868
002869
002870
002879
002880
002881
002884
002886
002891
002896
002901
002906
002910
002912
002914
002915
002919
002924
002933
002934
002935
002937
002940
002941
002944
002946
002952
002954
002957
002958
002960
002962
002965
002975
002977
002984
002987
002989
002990
002992
002994
002995
003002
003004
003007
003009
003011
003017
003021
003023
003027
003034
003042
003044
003053
003056
003057
003061
003063
003064
003066
003072
003074
003082
003085
003086
003088
003090
003092
003093
003094
003100
003102
003105
003106
003107
003112
003116
003118
003121
003124
003126
003127
003129
003133
003134
003135
003137
003142
003145
003146
003147
003150
003154
003155
003159
003161
003163
003169
003170
003175
003176
003177
003178
003181
003183
003184
003186
003188
003189
003194
003195
003199
003200
003202
003205
003207
003210
003211
003214
003218
003219
003228
003229
003231
003233
003236
003239
003242
003243
003244
003247
003250
003253
003254
003256
003260
003261
003262
003269
003270
003271
003272
003279
003282
003284
003292
003293
003294
003299
003300
003301
003307
003308
003316
003320
003325
003327
003331
003335
003336
003337
003339
003343
003344
003349
003350
003351
003356
003359
003363
003365
003374
003376
003377
003380
003382
003391
003392
003395
003397
003401
003403
003406
003407
003410
003412
003416
003417
003419
003421
003422
003425
003429
003430
003433
003435
003436
003441
003443
003444
003449
003452
003453
003455
003461
003462
003466
003469
003484
003489
003496
003499
003510
003511
003519
003522
003524
003525
003529
003530
003536
003537
003548
003549
003551
003564
003566
003567
003575
003576
003577
003580
003586
003587
003593
003594
003596
003597
003599
003603
003604
003605
003608
003611
003614
003618
003621
003622
003623
003625
003628
003632
003639
003645
003648
003654
003655
003656
003657
003658
003660
003662
003663
003664
003667
003671
003675
003679
003681
003684
003685
003688
003691
003694
003695
003698
003700
003705
003708
003709
003713
003714
003717
003722
003729
003732
003735
003740
003743
003748
003751
003754
003759
003760
003763
003767
003772
003774
003780
003781
003783
003784
003788
003790
003791
003792
003796
003797
003798
003806
003807
003809
003817
003818
003820
003824
003827
003828
003834
003835
003838
003845
003846
003855
003856
003857
003859
003861
003863
003865
003866
003868
003869
003872
003874
003876
003879
003885
003886
003889
003890
003891
003898
003899
003905
003911
003912
003915
003919
003921
003924
003932
003935
003937
003941
003946
003947
003949
003954
003956
003957
003965
003969
003970
003971
003973
003974
003979
003984
003986
003988
003993
003994
003998
004003
004005
004008
004009
004010
004012
004013
004015
004016
004017
004019
004020
004025
004028
004033
004035
004037
004039
004046
004047
004052
004057
004058
004060
004067
004069
004075
004076
004077
004082
004085
004089
004091
004092
004093
004100
004108
004120
004121
004122
004131
004135
004136
004138
004140
004141
004142
004143
004149
004152
004158
004163
004164
004168
004169
004170
004171
004178
004190
004192
004193
004194
004195
004201
004203
004204
004205
004209
004215
004220
004221
004224
004230
004231
004232
004237
004239
004242
004244
004246
004247
004253
004256
004257
004263
004264
004265
004269
004270
004271
004274
004275
004280
004283
004284
004286
004287
004291
004293
004296
004298
004304
004307
004310
004312
004321
004322
004325
004331
004333
004339
004345
004346
004347
004352
004354
004356
004361
004364
004365
004367
004368
004371
004376
004379
004380
004384
004386
004387
004389
004390
004392
004397
004404
004409
004421
004423
004424
004429
004432
004433
004434
004437
004446
004452
004455
004457
004459
004466
004474
004479
004484
004487
004490
004493
004494
004495
004498
004499
004500
004502
004508
004509
004512
004517
004518
004519
004520
004526
004528
004530
004535
004540
004542
004548
004549
004553
004558
004562
004565
004566
004574
004576
004579
004581
004584
004588
004592
004595
004597
004601
004604
004605
004606
004607
004609
004611
004618
004622
004625
004626
004627
004628
004632
004634
004643
004647
004648
004649
004651
004652
004653
004654
004662
004671
004672
004674
004679
004682
004683
004686
004687
004689
004691
004692
004693
004699
004702
004705
004706
004707
004714
004715
004719
004723
004727
004732
004737
004742
004748
004760
004768
004770
004773
004776
004777
004779
004782
004783
004786
004790
004796
004797
004801
004812
004814
004815
004816
004818
004823
004825
004826
004828
004830
004831
004832
004834
004837
004840
004841
004842
004846
004848
004849
004850
004852
004856
004859
004863
004866
004867
004868
004873
004876
004878
004879
004882
004885
004886
004895
004896
004897
004903
004907
004911
004912
004916
004926
004928
004929
004931
004935
004936
004938
004939
004951
004954
004956
004958
004960
004962
004963
004966
004967
004968
004972
004973
004974
004982
004983
004985
004986
004987
004991
004992
004995
004997
004998
004999
005001
005004
005014
005016
005020
005023
005024
005029
005032
005033
005037
005039
005045
005052
005055
005056
005057
005061
005062
005064
005067
005068
005071
005072
005073
005077
005078
005079
005081
005086
005090
005093
005094
005097
005101
005102
005104
005107
005108
005110
005111
005114
005116
005122
005124
005128
005129
005130
005134
005135
005143
005145
005146
005153
005156
005159
005169
005171
005173
005175
005179
005183
005185
005186
005189
005190
005191
005202
005210
005212
005214
005215
005217
005219
005220
005222
005223
005231
005239
005242
005245
005246
005253
005254
005258
005259
005260
005262
005263
005264
005268
005269
005273
005274
005278
005281
005283
005285
005288
005293
005298
005303
005304
005305
005306
005307
005312
005314
005318
005325
005328
005337
005340
005343
005344
005345
005346
005348
005349
005350
005351
005352
005355
005358
005360
005365
005367
005369
005370
005374
005378
005380
005383
005384
005391
005393
005395
005396
005404
005405
005406
005407
005410
005414
005419
005421
005424
005431
005433
005438
005439
005440
005448
005450
005451
005454
005455
005465
005467
005469
005471
005475
005478
005481
005485
005487
005489
005496
005509
005511
005514
005515
005521
005524
005526
005527
005530
005535
005539
005542
005544
005547
005549
005550
005552
005559
005568
005582
005583
005584
005585
005586
005590
005592
005593
005599
005603
005606
005608
005609
005613
005615
005618
005620
005624
005625
005636
005637
005645
005647
005648
005652
005653
005654
005657
005658
005664
005668
005672
005679
005680
005682
005685
005686
005693
005695
005697
005699
005700
005701
005713
005715
005716
005718
005719
005728
005730
005731
005736
005738
005741
005743
005747
005749
005752
005756
005757
005761
005762
005765
005768
005769
005773
005779
005780
005781
005782
005783
005788
005789
005791
005794
005796
005799
005803
005805
005806
005811
005812
005813
005821
005825
005826
005829
005831
005836
005838
005839
005840
005841
005843
005845
005851
005852
005856
005864
005875
005877
005878
005884
005889
005893
005894
005897
005899
005901
005903
005905
005906
005908
005912
005914
005917
005919
005928
005930
005940
005947
005948
005951
005954
005956
005960
005961
005963
005964
005968
005970
005971
005975
005980
005981
005983
005992
005995
005998
006001
006004
006005
006009
006011
006012
006018
006020
006025
006027
006028
006029
006030
006033
006035
006041
006042
006043
006046
006058
006061
006062
006066
006069
006070
006071
006073
006074
006079
006088
006089
006091
006095
006096
006097
006098
006100
006103
006104
006107
006108
006111
006117
006120
006123
006124
006125
006130
006133
006135
006136
006140
006141
006146
006148
006150
006153
006156
006158
006159
006161
006162
006166
006170
006171
006175
006176
006179
006180
006181
006183
006184
006185
006187
006189
006196
006198
006201
006202
006203
006206
006209
006210
006212
006214
006215
006219
006221
006222
006223
006225
006230
006233
006235
006240
006241
006243
006247
006249
006251
006252
006254
006258
006259
006260
006262
006264
006267
006269
006270
006275
006277
006279
006281
006282
006284
006285
006290
006291
006299
006300
006304
006309
006314
006318
006320
006321
006323
006325
006329
006330
006335
006337
006338
006339
006346
006348
006350
006351
006353
006355
006357
006363
006366
006369
006371
006377
006381
006382
006387
006391
006392
006395
006400
006404
006411
006417
006419
006424
006425
006427
006434
006437
006438
006440
006443
006444
006447
006448
006449
006450
006455
006459
006463
006465
006466
006468
006470
006472
006474
006480
006482
006483
006484
006486
006488
006492
006495
006501
006503
006506
006507
006509
006512
006520
006524
006532
006534
006536
006538
006542
006543
006547
006548
006549
006550
006551
006556
006560
006565
006569
006570
006575
006576
006578
006583
006585
006587
006595
006597
006609
006610
006611
006612
006617
006618
006619
006621
006622
006626
006627
006631
006632
006635
006636
006638
006643
006645
006647
006658
006661
006664
006666
006668
006673
006674
006677
006678
006679
006681
006682
006687
006689
006690
006694
006696
006698
006699
006702
006708
006709
006714
006718
006719
006722
006725
006727
006731
006734
006735
006736
006738
006739
006740
006748
006751
006755
006759
006760
006765
006766
006769
006772
006777
006781
006782
006783
006784
006786
006789
006797
006800
006803
006806
006808
006810
006813
006819
006822
006824
006828
006829
006833
006835
006836
006838
006839
006842
006844
006845
006847
006848
006849
006850
006858
006862
006865
006867
006868
006869
006874
006878
006880
006884
006886
006887
006892
006896
006899
006900
006903
006909
006910
006912
006916
006917
006918
006919
006922
006930
006931
006945
006947
006948
006952
006953
006956
006958
006959
006962
006963
006965
006966
006968
006972
006976
006983
006987
006988
006990
006994
007002
007003
007006
007008
007009
007011
007018
007021
007023
007025
007029
007033
007035
007036
007038
007039
007040
007042
007046
007048
007049
007052
007054
007056
007065
007072
007073
007075
007077
007078
007079
007084
007100
007101
007105
007108
007109
007113
007121
007123
007125
007129
007132
007133
007138
007139
007140
007146
007147
007148
007149
007152
007153
007163
007165
007166
007167
007177
007180
007184
007185
007187
007193
007197
007200
007205
007210
007213
007214
007217
007223
007236
007241
007244
007245
007249
007250
007256
007258
007260
007261
007263
007266
007270
007274
007275
007276
007279
007280
007283
007295
007296
007297
007298
007300
007305
007311
007314
007318
007323
007327
007330
007336
007343
007344
007346
007350
007356
007361
007363
007365
007369
007370
007372
007376
007381
007385
007388
007390
007394
007396
007398
007410
007413
007414
007416
007417
007419
007422
007424
007425
007427
007431
007432
007433
007435
007436
007437
007439
007443
007445
007448
007451
007458
007461
007465
007466
007467
007468
007470
007475
007479
007480
007481
007483
007484
007486
007489
007493
007497
007498
007503
007506
007511
007513
007525
007526
007528
007530
007535
007536
007537
007538
007543
007546
007547
007551
007555
007559
007563
007566
007568
007571
007572
007575
007576
007578
007590
007601
007605
007611
007612
007614
007615
007618
007619
007621
007622
007624
007637
007639
007640
007642
007647
007649
007654
007655
007656
007657
007664
007666
007667
007668
007671
007673
007675
007677
007679
007680
007683
007685
007687
007688
007691
007692
007697
007705
007709
007712
007720
007721
007723
007727
007729
007731
007732
007736
007742
007745
007748
007749
007751
007753
007758
007760
007763
007767
007768
007772
007775
007776
007777
007786
007791
007793
007795
007799
007803
007809
007810
007812
007813
007814
007819
007820
007821
007824
007831
007833
007836
007838
007841
007843
007847
007853
007855
007856
007859
007863
007864
007865
007869
007872
007873
007876
007877
007878
007883
007884
007885
007886
007897
007900
007901
007908
007909
007911
007914
007915
007916
007919
007920
007921
007924
007925
007926
007928
007931
007932
007933
007943
007946
007947
007950
007953
007954
007956
007958
007968
007970
007971
007974
007976
007984
007987
007991
007997
007998
007999
008005
008008
008012
008019
008023
008024
008029
008031
008032
008033
008036
008037
008040
008042
008043
008044
008048
008049
008051
008057
008060
008063
008064
008067
008068
008069
008075
008076
008079
008082
008084
008085
008087
008091
008093
008095
008096
008098
008100
008101
008103
008105
008106
008108
008112
008115
008116
008121
008130
008139
008140
008142
008144
008150
008160
008163
008164
008166
008173
008174
008175
008186
008188
008189
008190
008199
008200
008202
008203
008208
008211
008213
008218
008222
008223
008224
008225
008226
008229
008236
008241
008244
008248
008251
008252
008260
008263
008272
008275
008279
008281
008284
008285
008292
008295
008297
008299
008300
008301
008307
008310
008311
008313
008316
008317
008320
008322
008323
008327
008335
008338
008341
008342
008345
008346
008351
008359
008360
008368
008370
008372
008376
008381
008384
008385
008387
008388
008390
008391
008397
008403
008410
008415
008416
008422
008425
008427
008430
008433
008437
008438
008442
008443
008444
008453
008456
008462
008465
008467
008468
008470
008475
008477
008485
008492
008494
008495
008498
008499
008502
008503
008509
008512
008513
008514
008517
008518
008519
008521
008522
008523
008529
008541
008549
008550
008557
008558
008559
008562
008564
008568
008581
008582
008585
008587
008588
008592
008595
008596
008601
008602
008604
008610
008612
008620
008621
008624
008633
008638
008639
008644
008645
008647
008653
008663
008665
008667
008670
008676
008680
008683
008687
008688
008692
008695
008701
008702
008706
008709
008710
008713
008717
008718
008720
008723
008725
008728
008732
008733
008744
008747
008748
008749
008750
008752
008753
008755
008756
008757
008760
008764
008770
008772
008773
008775
008783
008790
008794
008799
008801
008805
008809
008810
008811
008813
008814
008815
008819
008822
008826
008831
008836
008840
008841
008843
008847
008848
008854
008856
008858
008862
008865
008867
008871
008872
008874
008876
008878
008880
008883
008884
008885
008888
008891
008892
008900
008909
008911
008913
008914
008919
008920
008921
008923
008930
008931
008939
008943
008951
008953
008955
008958
008960
008962
008966
008967
008968
008970
008971
008973
008975
008976
008979
008982
008983
008985
008987
008989
008999
009000
009004
009005
009006
009015
009018
009019
009022
009024
009027
009029
009034
009039
009042
009048
009058
009060
009068
009072
009078
009079
009080
009086
009087
009089
009091
009094
009098
009100
009105
009108
009112
009113
009114
009116
009121
009128
009129
009131
009133
009141
009148
009150
009151
009153
009157
009159
009166
009168
009174
009175
009179
009181
009184
009185
009187
009189
009191
009192
009193
009194
009200
009205
009212
009215
009221
009227
009236
009238
009239
009242
009246
009247
009250
009252
009254
009255
009259
009268
009269
009272
009273
009278
009282
009283
009285
009286
009287
009288
009290
009291
009295
009299
009306
009307
009308
009309
009312
009315
009316
009323
009324
009327
009330
009331
009333
009334
009339
009342
009343
009347
009349
009354
009358
009365
009374
009375
009378
009382
009386
009392
009393
009394
009401
009405
009407
009410
009412
009413
009414
009417
009422
009424
009432
009433
009434
009437
009438
009439
009440
009443
009445
009446
009448
009454
009455
009456
009459
009461
009463
009466
009468
009469
009470
009472
009476
009479
009481
009484
009490
009491
009494
009496
009499
009502
009504
009508
009512
009515
009516
009517
009518
009519
009520
009523
009524
009527
009528
009531
009532
009533
009540
009542
009546
009557
009558
009560
009565
009567
009568
009571
009576
009577
009579
009585
009586
009588
009591
009596
009597
009600
009609
009613
009614
009615
009617
009618
009619
009620
009621
009623
009629
009634
009637
009638
009641
009650
009654
009656
009659
009666
009667
009670
009671
009676
009678
009679
009684
009686
009687
009691
009692
009693
009698
009699
009702
009703
009709
009710
009711
009712
009718
009719
009724
009726
009729
009732
009735
009737
009738
009743
009745
009746
009747
009748
009754
009756
009761
009762
009763
009764
009767
009772
009773
009774
009776
009778
009780
009781
009790
009792
009794
009797
009801
009805
009807
009810
009816
009819
009825
009830
009832
009833
009836
009841
009845
009851
009852
009859
009862
009863
009865
009867
009870
009872
009874
009877
009878
009881
009882
009884
009886
009887
009894
009896
009897
009900
009902
009904
009905
009908
009913
009917
009920
009923
009932
009935
009938
009939
009940
009942
009944
009945
009946
009947
009954
009958
009959
009961
